import { extractNumbers } from './utiles'
export const g1 = []
export const ipt = `
07 14171927 28374748 56 69 7780
04 22 31 33 49 51 53 63 65 66 75 78
091317272934495168 697580
0102050607 09101220 5253547276,10
07 10 11141926293252 556 16768
17 26 28 31 35 38 42 45 55 57 66 76
01 12 18 24 33 37 43 44 46 47 51 54 58
01 11 18 24 26 31 34 35 42 48 56 66 70 77
03 11 14 15 17 22 29 30 35 65 77 36 44 51
01 1824 2631 34354248 566677
01 04 09 2226 28425255 60 68 71
02 04 10111523242834 42 535468 75
04 07 08 151617384155 6465 76
05 091114202232 425160657071
0406131920232635394053547174
03 10 14222433 44 49 51 6468 78
`

export const str = `
15 44 49 15 41 47 13 17 51 15 64 55 72 13 32 32 71
53 70 80 07 14 63 07 65 67
22 33 38 09 25 35 66 67 70
57 69 78 03 18 44 02 17 30
01 43 67 17 49 60 12 41 57
69 76 07 13 21 34 04 12 68 72 01 49 38 79 22 25
03 13 19 05 52 53 01 71 73 56 71 77 13 19 71 13 27 67 22 29 78 01 03 13
`

export const only = extractNumbers(str)
/*
15 44 49, 15 41 47
15 64, 55 72, 13 32, 32 71
69 76, 07 13, 21 34, 04 12, 68 72, 01 49, 38 79, 22 25
53 70 80 ,07 14 63, 07 65 67
22 33 38 ,09 25 35, 66 67 70
01 43 67 ,17 49 60, 12 41 57
57 69 78 ,03 18 44, 02 17 30
03 13 19, 05 52 53, 01 71 73, 56 71 77, 13 19 71,
13 27 67, 22 29 78, 01 03 13
07 11 61 67
*/
